22207807
22207954
22209522
22209568
22209611
22209692
22209812
22209870
22209887
22209918
22210034
22210057
22210075
22210092
22210152
22210169
22210264
22210270
22210287
22210293
22210324
22210330
22210347
22210353
22210369
22210376
22210442
22210471
22210695
22210873
22210962
22211217
22211298
22211482
22211743
22211810
22211849
22211921
22212010
22212027
22212043
22212518
22212613
22212659
22212777
22212814
22212843
22213009
22213201
22213268
22213280
22213311
22213512
22213618
22213699
22213759
22213877
22213883
22213899
22213908
22213914
22213966
22213995
22214003
22214084
22214090
22214121
22214291
22214322
22214405
22214428
22214606
22214747
22214859
22214954
22215037
22215043
22215391
22215409
22215445
22215468
22215511
22215540
22215563
22215646
22215669
22215907
22215913
22215994
22216166
22216219
22216226
22216373
22216383
22216404
22216410
22216433
22216456
22216462
22216545
22216568
22216574
22216580
22216628
22216634
22216657
22216775
22216781
22216798
22216864
22216870
22216887
22216893
22216947
22216953
22216960
22216999
22217013
22217094
22217102
22217237
22217258
22217697
22217823
22217835
22217929
22217958
22218047
22218068
22218076
22218082
22218099
22218122
22218136
22218165
22218248
22218308
22218314
22218337
22218343
22218351
22218366
22218372
22218426
22218515
22218604
22218691
22218700
22218716
22218722
22218768
22218828
22218834
22218840
22218857
22218946
22218998
22219029
22219302
22219443
22219489
22219609
22219650
22219791
22219803
22219816
22219874
22219911
22220073
22220185
22220191
22220245
22220280
22220311
22220535
22220601
22220618
22220742
22220759
22220765
22220788
22220794
22220883
22220943
22220950
22220966
22220972
22220995
22221026
22221049
22221055
22221084
22221090
22221121
22221138
22221144
22221167
22221182
22221204
22221210
22221233
22221247
22221291
22221405
22221486
22221670
22221701
22221776
22221977
22222008
22222037
22222155
22222184
22222267
22222310
22222416
22222511
22222669
22222824
22222899
22222959
22222965
22222971
22222988
22223054
22223060
22223096
22223114
22223120
22223137
22223150
22223166
22223172
22223215
22223226
22223255
22223278
22223290
22223338
22223344
22223350
22223404
22223410
22223444
22223456
22223479
22223798
22223901
22223976
22224125
22224131
22224160
22224177
22224272
22224697
22224705
22224734
22224757
22224852
22224869
22224875
22224881
22224906
22224912
22225001
22225018
22225030
22225064
22225107
22225515
22225604
22225679
22225685
22225722
22225768
22225797
22225811
22225946
22225975
22226153
22226302
22226354
22226466
22226578
22226673
22226696
22226762
22226851
22226880
22226928
22227032
22227046
22227052
22227135
22227170
22227187
22227307
22227336
22227365
22227394
22227483
22227661
22227784
22228057
22228442
22228465
22228531
22228577
22233101
22233319
22240041
22288958
22299413
22320596
22322589
22329551
22329634
22329676
22329717
22329769
22329781
22329798
22329858
22329918
22329924
22329947
22330887
22331192
22331223
22331507
22331602
22331683
22331789
22331803
22331826
22331832
22331938
22332056
22332122
22332174
22332352
22332501
22332607
22332790
22332837
22332889
22332984
22333297
22333334
22333392
22333400
22333436
22333564
22333682
22333699
22333713
22333765
22333788
22333802
22333883
22333966
22334026
22334049
22334084
22334115
22334150
22334196
22334457
22334552
22334629
22334724
22334747
22334807
22334823
22334859
22334960
22335089
22335095
22335126
22335209
22335304
22335511
22335540
22335633
22335712
22335824
22335882
22336137
22336166
22336290
22336309
22336344
22336657
22336717
22336737
22336746
22336752
22336775
22337088
22337148
22337361
22337473
22337579
22337776
22337792
22337830
22338159
22338308
22338426
22338509
22338515
22338521
22338573
22338811
22338828
22338834
22338900
22338923
22338946
22339012
22339035
22339199
22339396
22339609
22339644
22339667
22339680
22339696
22339762
22339963
22340021
22340050
22340127
22340133
22340185
22340191
22340203
22340475
22340558
22340601
22340618
22340765
22340771
22340794
22340937
22340989
22341049
22341115
22341380
22341411
22341463
22341581
22341664
22341701
22341820
22342014
22342149
22342296
22342310
22342327
22342869
22342913
22343054
22343156
22343172
22343249
22343278
22343315
22343338
22343522
22343539
22343545
22343568
22343692
22343752
22343769
22343841
22343864
22343930
22344125
22344314
22344384
22344390
22344450
22344473
22344510
22344898
22345320
22345550
22345745
22345768
22345828
22345876
22345975
22345998
22346130
22346348
22346354
22346532
22346561
22346578
22346667
22346779
22346785
22347000
22347164
22347230
22347253
22347365
22347483
22347496
22347520
22347572
22348028
22348123
22348212
22348287
22348525
22348554
22348654
22348703
22348844
22349006
22349111
22349269
22349306
22349507
22349602
22349619
22349812
22349855
22349996
22350025
22350060
22350152
22350574
22350605
22350675
22350700
22350812
22350893
22350924
22350969
22350982
22351007
22351013
22351510
22351579
22351591
22351604
22351622
22351674
22351800
22352066
22352120
22352142
22352159
22352308
22352343
22352633
22352656
22352975
22352981
22353064
22353153
22353271
22353383
22353495
22353644
22353785
22353791
22354075
22354141
22354336
22354371
22354425
22354431
22354454
22354477
22354603
22354810
22354827
22354862
22354916
22355005
22355100
22355123
22355212
22355376
22355382
22355442
22355459
22355465
22355471
22355488
22355525
22355583
22355620
22355703
22355749
22355850
22355896
22355904
22355944
22355985
22356163
22356177
22356341
22356370
22356387
22356393
22356418
22356476
22356513
22356525
22357406
22357470
22357518
22357659
22357671
22357949
22358038
22358044
22358200
22358311
22358392
22358417
22358653
22358682
22359351
22359517
22359532
22359546
22359575
22359612
22359894
22359948
22359954
22360035
22360041
22360070
22360242
22360437
22360532
22360880
22360905
22360992
22361158
22361365
22361394
22361448
22361744
22361782
22361847
22361939
22362034
22362070
22362100
22362134
22362181
22362270
22362293
22362318
22362399
22362637
22362657
22362711
22362809
22362815
22362991
22363217
22363246
22363499
22363571
22363588
22363594
22363602
22363660
22363677
22363683
22363737
22363766
22363789
22363909
22363950
22364139
22364257
22364331
22364406
22364464
22364518
22364560
22365251
22365357
22365498
22365506
22365564
22365765
22365848
22365883
22365908
22366150
22366204
22366210
22366463
22366492
22366523
22366701
22366807
22366842
22366902
22366931
22367072
22367149
22367161
22367178
22367215
22367238
22367267
22367273
22367439
22367586
22368114
22368249
22368315
22368321
22368491
22369214
22369295
22369303
22369378
22369421
22369467
22369510
22369533
22369705
22369757
22369929
22369941
22370424
22370513
22370571
22370766
22370772
22370826
22370861
22371044
22371116
22371145
22371406
22371524
22371553
22371576
22371582
22371607
22371621
22371636
22371949
22372386
22372423
22372452
22372541
22372788
22372937
22373196
22373210
22373345
22373523
22374051
22374209
22374540
22374646
22375893
22376102
22376243
22376438
22376527
22376585
22376639
22376651
22376734
22376763
22376846
22376869
22376958
22377202
22377219
22377260
22377308
22377337
22377343
22377372
22378325
22378391
22378549
22378934
22378992
22379075
22379081
22379135
22379158
22379230
22379336
22379359
22379365
22379388
22379394
22379425
22379508
22379626
22379678
22379690
22379879
22379891
22379980
22380339
22380345
22380351
22380368
22380434
22380440
22380463
22380486
22380546
22380575
22380606
22380693
22380701
22380782
22380799
22380902
22381008
22381058
22381184
22381209
22381244
22381304
22381480
22381505
22381540
22381646
22381706
22381735
22381853
22381882
22381936
22382025
22382108
22382120
22382172
22382396
22382427
22382462
22382479
22382500
22382568
22382628
22382829
22382841
22383059
22383272
22383415
22383527
22383549
22383740
22383763
22383817
22383852
22384053
22384076
22384359
22384395
22384490
22384567
22384633
22384707
22384797
22384863
22384952
22384981
22385041
22385087
22385124
22385147
22385319
22386075
22386081
22386299
22386342
22386365
22386371
22386388
22386454
22386483
22386508
22386589
22386632
22386750
22386833
22387198
22387235
22387318
22387347
22387407
22387943
22388542
22388789
22388849
22388938
22388982
22389197
22389228
22389234
22389263
22389470
22389493
22389731
22390177
22390237
22390272
22390289
22390533
22390545
22390639
22390774
22390941
22391024
22391136
22391573
22392199
22392259
22392302
22392319
22392354
22392408
22392459
22392495
22392615
22393164
22393187
22393589
22393661
22393750
22393796
22393856
22393997
22394092
22394427
22394459
22394488
22394494
22394666
22394703
22394755
22394784
22394815
22394821
22394896
22395022
22395097
22395186
22395217
22395252
22395306
22395312
22395341
22395401
22395499
22395513
22395520
22395714
22395766
22395832
22395861
22395996
22396033
22396062
22396079
22396116
22396211
22396352
22396429
22396518
22396926
22396961
22396984
22397038
22397073
22397205
22397311
22397452
22397529
22397541
22397601
22397831
22397854
22397860
22397943
22398090
22398144